     0.4882E-16     0.4908E-16     0.4933E-16     0.4953E-16     0.4970E-16     0.4982E-16     0.4987E-16     0.4986E-16     0.4979E-16     0.4964E-16     0.4944E-16     0.4919E-16     0.4891E-16     0.4862E-16     0.4834E-16     0.4809E-16     0.4790E-16     0.4778E-16     0.4774E-16     0.4778E-16     0.4790E-16     0.4808E-16     0.4830E-16     0.4856E-16     0.4882E-16
     0.4903E-16     0.4952E-16     0.4996E-16     0.5034E-16     0.5065E-16     0.5087E-16     0.5100E-16     0.5102E-16     0.5091E-16     0.5066E-16     0.5028E-16     0.4978E-16     0.4920E-16     0.4858E-16     0.4798E-16     0.4746E-16     0.4705E-16     0.4681E-16     0.4674E-16     0.4685E-16     0.4712E-16     0.4752E-16     0.4799E-16     0.4851E-16     0.4903E-16
     0.4932E-16     0.5000E-16     0.5060E-16     0.5111E-16     0.5154E-16     0.5188E-16     0.5210E-16     0.5218E-16     0.5207E-16     0.5175E-16     0.5121E-16     0.5047E-16     0.4957E-16     0.4860E-16     0.4765E-16     0.4681E-16     0.4617E-16     0.4579E-16     0.4571E-16     0.4591E-16     0.4638E-16     0.4703E-16     0.4778E-16     0.4857E-16     0.4932E-16
     0.4968E-16     0.5052E-16     0.5123E-16     0.5183E-16     0.5236E-16     0.5281E-16     0.5315E-16     0.5332E-16     0.5326E-16     0.5290E-16     0.5222E-16     0.5124E-16     0.5001E-16     0.4867E-16     0.4733E-16     0.4614E-16     0.4524E-16     0.4472E-16     0.4463E-16     0.4496E-16     0.4565E-16     0.4659E-16     0.4765E-16     0.4871E-16     0.4968E-16
     0.5009E-16     0.5104E-16     0.5181E-16     0.5246E-16     0.5306E-16     0.5362E-16     0.5411E-16     0.5441E-16     0.5444E-16     0.5407E-16     0.5327E-16     0.5205E-16     0.5049E-16     0.4874E-16     0.4699E-16     0.4544E-16     0.4426E-16     0.4359E-16     0.4350E-16     0.4397E-16     0.4491E-16     0.4617E-16     0.4757E-16     0.4891E-16     0.5009E-16
     0.5050E-16     0.5152E-16     0.5230E-16     0.5297E-16     0.5362E-16     0.5430E-16     0.5495E-16     0.5542E-16     0.5557E-16     0.5523E-16     0.5433E-16     0.5287E-16     0.5097E-16     0.4880E-16     0.4662E-16     0.4468E-16     0.4321E-16     0.4239E-16     0.4230E-16     0.4292E-16     0.4415E-16     0.4576E-16     0.4751E-16     0.4915E-16     0.5050E-16
     0.5088E-16     0.5193E-16     0.5268E-16     0.5331E-16     0.5400E-16     0.5479E-16     0.5563E-16     0.5631E-16     0.5661E-16     0.5632E-16     0.5534E-16     0.5366E-16     0.5140E-16     0.4881E-16     0.4618E-16     0.4384E-16     0.4208E-16     0.4110E-16     0.4101E-16     0.4180E-16     0.4332E-16     0.4532E-16     0.4745E-16     0.4937E-16     0.5088E-16
     0.5119E-16     0.5223E-16     0.5288E-16     0.5344E-16     0.5415E-16     0.5507E-16     0.5611E-16     0.5702E-16     0.5751E-16     0.5731E-16     0.5626E-16     0.5436E-16     0.5176E-16     0.4874E-16     0.4566E-16     0.4292E-16     0.4085E-16     0.3971E-16     0.3963E-16     0.4059E-16     0.4242E-16     0.4482E-16     0.4734E-16     0.4955E-16     0.5119E-16
     0.5138E-16     0.5236E-16     0.5287E-16     0.5333E-16     0.5404E-16     0.5509E-16     0.5635E-16     0.5752E-16     0.5822E-16     0.5812E-16     0.5702E-16     0.5492E-16     0.5199E-16     0.4855E-16     0.4503E-16     0.4189E-16     0.3952E-16     0.3823E-16     0.3814E-16     0.3927E-16     0.4142E-16     0.4423E-16     0.4715E-16     0.4964E-16     0.5138E-16
     0.5142E-16     0.5229E-16     0.5263E-16     0.5295E-16     0.5364E-16     0.5482E-16     0.5633E-16     0.5777E-16     0.5870E-16     0.5871E-16     0.5758E-16     0.5529E-16     0.5205E-16     0.4821E-16     0.4426E-16     0.4074E-16     0.3809E-16     0.3664E-16     0.3656E-16     0.3785E-16     0.4031E-16     0.4352E-16     0.4684E-16     0.4961E-16     0.5142E-16
     0.5126E-16     0.5198E-16     0.5211E-16     0.5227E-16     0.5294E-16     0.5425E-16     0.5600E-16     0.5772E-16     0.5889E-16     0.5903E-16     0.5788E-16     0.5544E-16     0.5190E-16     0.4769E-16     0.4336E-16     0.3947E-16     0.3656E-16     0.3497E-16     0.3488E-16     0.3632E-16     0.3908E-16     0.4268E-16     0.4639E-16     0.4941E-16     0.5126E-16
     0.5088E-16     0.5142E-16     0.5130E-16     0.5129E-16     0.5193E-16     0.5337E-16     0.5535E-16     0.5736E-16     0.5877E-16     0.5904E-16     0.5789E-16     0.5531E-16     0.5153E-16     0.4699E-16     0.4229E-16     0.3809E-16     0.3494E-16     0.3322E-16     0.3313E-16     0.3469E-16     0.3772E-16     0.4169E-16     0.4577E-16     0.4903E-16     0.5088E-16
     0.5025E-16     0.5058E-16     0.5019E-16     0.5000E-16     0.5061E-16     0.5216E-16     0.5438E-16     0.5666E-16     0.5830E-16     0.5871E-16     0.5757E-16     0.5488E-16     0.5090E-16     0.4608E-16     0.4108E-16     0.3660E-16     0.3324E-16     0.3141E-16     0.3131E-16     0.3298E-16     0.3624E-16     0.4055E-16     0.4497E-16     0.4843E-16     0.5025E-16
     0.4937E-16     0.4946E-16     0.4881E-16     0.4843E-16     0.4900E-16     0.5067E-16     0.5310E-16     0.5563E-16     0.5749E-16     0.5802E-16     0.5691E-16     0.5415E-16     0.5001E-16     0.4497E-16     0.3973E-16     0.3502E-16     0.3149E-16     0.2956E-16     0.2945E-16     0.3121E-16     0.3466E-16     0.3926E-16     0.4398E-16     0.4760E-16     0.4937E-16
     0.4823E-16     0.4808E-16     0.4716E-16     0.4661E-16     0.4714E-16     0.4890E-16     0.5153E-16     0.5429E-16     0.5633E-16     0.5698E-16     0.5590E-16     0.5311E-16     0.4887E-16     0.4368E-16     0.3825E-16     0.3337E-16     0.2971E-16     0.2771E-16     0.2759E-16     0.2940E-16     0.3300E-16     0.3784E-16     0.4281E-16     0.4655E-16     0.4823E-16
     0.4686E-16     0.4646E-16     0.4529E-16     0.4458E-16     0.4507E-16     0.4691E-16     0.4970E-16     0.5265E-16     0.5486E-16     0.5561E-16     0.5457E-16     0.5178E-16     0.4749E-16     0.4221E-16     0.3666E-16     0.3167E-16     0.2792E-16     0.2588E-16     0.2574E-16     0.2758E-16     0.3128E-16     0.3630E-16     0.4146E-16     0.4529E-16     0.4686E-16
     0.4527E-16     0.4463E-16     0.4323E-16     0.4238E-16     0.4284E-16     0.4474E-16     0.4765E-16     0.5075E-16     0.5309E-16     0.5393E-16     0.5295E-16     0.5018E-16     0.4591E-16     0.4061E-16     0.3501E-16     0.2995E-16     0.2616E-16     0.2409E-16     0.2393E-16     0.2577E-16     0.2953E-16     0.3467E-16     0.3997E-16     0.4383E-16     0.4527E-16
     0.4350E-16     0.4264E-16     0.4104E-16     0.4007E-16     0.4050E-16     0.4245E-16     0.4545E-16     0.4866E-16     0.5109E-16     0.5200E-16     0.5107E-16     0.4837E-16     0.4416E-16     0.3890E-16     0.3331E-16     0.2825E-16     0.2445E-16     0.2236E-16     0.2219E-16     0.2402E-16     0.2778E-16     0.3298E-16     0.3835E-16     0.4221E-16     0.4350E-16
     0.4160E-16     0.4054E-16     0.3876E-16     0.3770E-16     0.3811E-16     0.4008E-16     0.4313E-16     0.4641E-16     0.4890E-16     0.4986E-16     0.4899E-16     0.4638E-16     0.4228E-16     0.3712E-16     0.3159E-16     0.2658E-16     0.2281E-16     0.2073E-16     0.2054E-16     0.2233E-16     0.2606E-16     0.3126E-16     0.3664E-16     0.4045E-16     0.4160E-16
     0.3960E-16     0.3837E-16     0.3646E-16     0.3533E-16     0.3572E-16     0.3769E-16     0.4076E-16     0.4407E-16     0.4658E-16     0.4757E-16     0.4676E-16     0.4427E-16     0.4032E-16     0.3530E-16     0.2990E-16     0.2496E-16     0.2126E-16     0.1920E-16     0.1900E-16     0.2073E-16     0.2439E-16     0.2953E-16     0.3488E-16     0.3860E-16     0.3960E-16
     0.3755E-16     0.3617E-16     0.3418E-16     0.3301E-16     0.3337E-16     0.3533E-16     0.3839E-16     0.4168E-16     0.4419E-16     0.4519E-16     0.4445E-16     0.4209E-16     0.3832E-16     0.3349E-16     0.2825E-16     0.2343E-16     0.1981E-16     0.1779E-16     0.1757E-16     0.1923E-16     0.2280E-16     0.2784E-16     0.3309E-16     0.3671E-16     0.3755E-16
     0.3550E-16     0.3401E-16     0.3195E-16     0.3076E-16     0.3111E-16     0.3304E-16     0.3606E-16     0.3930E-16     0.4178E-16     0.4278E-16     0.4211E-16     0.3989E-16     0.3633E-16     0.3172E-16     0.2667E-16     0.2200E-16     0.1847E-16     0.1651E-16     0.1627E-16     0.1786E-16     0.2130E-16     0.2621E-16     0.3132E-16     0.3479E-16     0.3550E-16
     0.3347E-16     0.3190E-16     0.2982E-16     0.2863E-16     0.2897E-16     0.3085E-16     0.3380E-16     0.3698E-16     0.3940E-16     0.4039E-16     0.3979E-16     0.3773E-16     0.3438E-16     0.3002E-16     0.2517E-16     0.2068E-16     0.1726E-16     0.1535E-16     0.1510E-16     0.1660E-16     0.1991E-16     0.2465E-16     0.2959E-16     0.3290E-16     0.3347E-16
     0.3151E-16     0.2989E-16     0.2781E-16     0.2663E-16     0.2696E-16     0.2879E-16     0.3166E-16     0.3474E-16     0.3709E-16     0.3806E-16     0.3753E-16     0.3563E-16     0.3251E-16     0.2840E-16     0.2379E-16     0.1947E-16     0.1617E-16     0.1432E-16     0.1406E-16     0.1548E-16     0.1863E-16     0.2318E-16     0.2793E-16     0.3107E-16     0.3151E-16
     0.2965E-16     0.2799E-16     0.2594E-16     0.2479E-16     0.2511E-16     0.2687E-16     0.2965E-16     0.3262E-16     0.3488E-16     0.3583E-16     0.3537E-16     0.3363E-16     0.3075E-16     0.2689E-16     0.2251E-16     0.1838E-16     0.1521E-16     0.1342E-16     0.1314E-16     0.1448E-16     0.1748E-16     0.2182E-16     0.2636E-16     0.2931E-16     0.2965E-16
     0.2789E-16     0.2623E-16     0.2423E-16     0.2312E-16     0.2342E-16     0.2512E-16     0.2778E-16     0.3064E-16     0.3281E-16     0.3373E-16     0.3333E-16     0.3175E-16     0.2910E-16     0.2550E-16     0.2136E-16     0.1741E-16     0.1437E-16     0.1263E-16     0.1235E-16     0.1360E-16     0.1645E-16     0.2058E-16     0.2489E-16     0.2766E-16     0.2789E-16
     0.2626E-16     0.2462E-16     0.2268E-16     0.2161E-16     0.2190E-16     0.2353E-16     0.2608E-16     0.2880E-16     0.3088E-16     0.3178E-16     0.3144E-16     0.3002E-16     0.2759E-16     0.2424E-16     0.2033E-16     0.1657E-16     0.1365E-16     0.1197E-16     0.1168E-16     0.1285E-16     0.1554E-16     0.1946E-16     0.2353E-16     0.2611E-16     0.2626E-16
     0.2477E-16     0.2316E-16     0.2129E-16     0.2027E-16     0.2055E-16     0.2210E-16     0.2453E-16     0.2713E-16     0.2911E-16     0.2998E-16     0.2970E-16     0.2843E-16     0.2622E-16     0.2311E-16     0.1943E-16     0.1585E-16     0.1304E-16     0.1142E-16     0.1111E-16     0.1221E-16     0.1475E-16     0.1846E-16     0.2229E-16     0.2469E-16     0.2477E-16
     0.2342E-16     0.2185E-16     0.2006E-16     0.1908E-16     0.1936E-16     0.2084E-16     0.2315E-16     0.2562E-16     0.2750E-16     0.2834E-16     0.2813E-16     0.2700E-16     0.2499E-16     0.2211E-16     0.1865E-16     0.1524E-16     0.1254E-16     0.1097E-16     0.1066E-16     0.1168E-16     0.1408E-16     0.1757E-16     0.2118E-16     0.2340E-16     0.2342E-16
     0.2221E-16     0.2069E-16     0.1898E-16     0.1805E-16     0.1832E-16     0.1973E-16     0.2192E-16     0.2426E-16     0.2605E-16     0.2687E-16     0.2672E-16     0.2573E-16     0.2390E-16     0.2124E-16     0.1798E-16     0.1474E-16     0.1215E-16     0.1062E-16     0.1030E-16     0.1125E-16     0.1351E-16     0.1681E-16     0.2019E-16     0.2224E-16     0.2221E-16
     0.2113E-16     0.1967E-16     0.1804E-16     0.1717E-16     0.1742E-16     0.1876E-16     0.2084E-16     0.2306E-16     0.2476E-16     0.2556E-16     0.2547E-16     0.2461E-16     0.2296E-16     0.2049E-16     0.1743E-16     0.1434E-16     0.1185E-16     0.1036E-16     0.1003E-16     0.1092E-16     0.1305E-16     0.1615E-16     0.1931E-16     0.2120E-16     0.2113E-16
     0.2017E-16     0.1878E-16     0.1724E-16     0.1641E-16     0.1666E-16     0.1793E-16     0.1990E-16     0.2200E-16     0.2361E-16     0.2440E-16     0.2437E-16     0.2362E-16     0.2214E-16     0.1986E-16     0.1698E-16     0.1404E-16     0.1163E-16     0.1018E-16     0.9843E-17     0.1068E-16     0.1269E-16     0.1560E-16     0.1854E-16     0.2028E-16     0.2017E-16
     0.1934E-16     0.1801E-16     0.1655E-16     0.1578E-16     0.1601E-16     0.1722E-16     0.1908E-16     0.2106E-16     0.2260E-16     0.2338E-16     0.2341E-16     0.2277E-16     0.2144E-16     0.1934E-16     0.1663E-16     0.1382E-16     0.1151E-16     0.1009E-16     0.9738E-17     0.1051E-16     0.1241E-16     0.1514E-16     0.1788E-16     0.1947E-16     0.1934E-16
     0.1861E-16     0.1735E-16     0.1598E-16     0.1525E-16     0.1547E-16     0.1661E-16     0.1837E-16     0.2025E-16     0.2171E-16     0.2249E-16     0.2257E-16     0.2204E-16     0.2085E-16     0.1891E-16     0.1637E-16     0.1369E-16     0.1145E-16     0.1007E-16     0.9705E-17     0.1042E-16     0.1221E-16     0.1477E-16     0.1731E-16     0.1877E-16     0.1861E-16
     0.1798E-16     0.1679E-16     0.1550E-16     0.1482E-16     0.1503E-16     0.1611E-16     0.1777E-16     0.1954E-16     0.2094E-16     0.2171E-16     0.2184E-16     0.2141E-16     0.2035E-16     0.1856E-16     0.1617E-16     0.1362E-16     0.1146E-16     0.1011E-16     0.9738E-17     0.1040E-16     0.1208E-16     0.1447E-16     0.1682E-16     0.1815E-16     0.1798E-16
     0.1743E-16     0.1631E-16     0.1510E-16     0.1447E-16     0.1467E-16     0.1568E-16     0.1724E-16     0.1892E-16     0.2025E-16     0.2102E-16     0.2121E-16     0.2086E-16     0.1992E-16     0.1828E-16     0.1604E-16     0.1361E-16     0.1154E-16     0.1021E-16     0.9829E-17     0.1044E-16     0.1201E-16     0.1424E-16     0.1641E-16     0.1761E-16     0.1743E-16
     0.1695E-16     0.1590E-16     0.1478E-16     0.1418E-16     0.1437E-16     0.1532E-16     0.1679E-16     0.1837E-16     0.1964E-16     0.2041E-16     0.2064E-16     0.2039E-16     0.1956E-16     0.1806E-16     0.1596E-16     0.1365E-16     0.1166E-16     0.1036E-16     0.9970E-17     0.1053E-16     0.1199E-16     0.1406E-16     0.1605E-16     0.1714E-16     0.1695E-16
     0.1652E-16     0.1555E-16     0.1450E-16     0.1395E-16     0.1413E-16     0.1502E-16     0.1639E-16     0.1788E-16     0.1910E-16     0.1986E-16     0.2014E-16     0.1996E-16     0.1924E-16     0.1787E-16     0.1591E-16     0.1373E-16     0.1181E-16     0.1056E-16     0.1015E-16     0.1066E-16     0.1201E-16     0.1392E-16     0.1573E-16     0.1671E-16     0.1652E-16
     0.1613E-16     0.1523E-16     0.1426E-16     0.1375E-16     0.1393E-16     0.1476E-16     0.1604E-16     0.1743E-16     0.1859E-16     0.1935E-16     0.1967E-16     0.1956E-16     0.1894E-16     0.1770E-16     0.1588E-16     0.1382E-16     0.1199E-16     0.1077E-16     0.1036E-16     0.1082E-16     0.1206E-16     0.1380E-16     0.1545E-16     0.1632E-16     0.1613E-16
     0.1576E-16     0.1493E-16     0.1405E-16     0.1359E-16     0.1375E-16     0.1452E-16     0.1570E-16     0.1700E-16     0.1811E-16     0.1886E-16     0.1922E-16     0.1918E-16     0.1865E-16     0.1752E-16     0.1585E-16     0.1392E-16     0.1219E-16     0.1101E-16     0.1059E-16     0.1099E-16     0.1213E-16     0.1371E-16     0.1518E-16     0.1594E-16     0.1576E-16
     0.1540E-16     0.1465E-16     0.1385E-16     0.1343E-16     0.1358E-16     0.1429E-16     0.1538E-16     0.1659E-16     0.1764E-16     0.1838E-16     0.1877E-16     0.1879E-16     0.1834E-16     0.1733E-16     0.1580E-16     0.1401E-16     0.1237E-16     0.1125E-16     0.1083E-16     0.1117E-16     0.1219E-16     0.1361E-16     0.1491E-16     0.1558E-16     0.1540E-16
     0.1504E-16     0.1437E-16     0.1365E-16     0.1327E-16     0.1340E-16     0.1405E-16     0.1506E-16     0.1617E-16     0.1717E-16     0.1789E-16     0.1830E-16     0.1837E-16     0.1800E-16     0.1711E-16     0.1571E-16     0.1406E-16     0.1254E-16     0.1147E-16     0.1105E-16     0.1134E-16     0.1224E-16     0.1349E-16     0.1464E-16     0.1521E-16     0.1504E-16
     0.1467E-16     0.1407E-16     0.1343E-16     0.1309E-16     0.1322E-16     0.1381E-16     0.1472E-16     0.1575E-16     0.1668E-16     0.1738E-16     0.1781E-16     0.1792E-16     0.1762E-16     0.1683E-16     0.1558E-16     0.1408E-16     0.1267E-16     0.1166E-16     0.1125E-16     0.1148E-16     0.1227E-16     0.1336E-16     0.1435E-16     0.1483E-16     0.1467E-16
     0.1427E-16     0.1375E-16     0.1319E-16     0.1289E-16     0.1301E-16     0.1354E-16     0.1437E-16     0.1530E-16     0.1617E-16     0.1685E-16     0.1728E-16     0.1742E-16     0.1719E-16     0.1650E-16     0.1538E-16     0.1403E-16     0.1274E-16     0.1181E-16     0.1141E-16     0.1158E-16     0.1225E-16     0.1319E-16     0.1403E-16     0.1443E-16     0.1427E-16
     0.1386E-16     0.1340E-16     0.1292E-16     0.1267E-16     0.1277E-16     0.1325E-16     0.1399E-16     0.1483E-16     0.1563E-16     0.1628E-16     0.1671E-16     0.1687E-16     0.1670E-16     0.1610E-16     0.1512E-16     0.1392E-16     0.1276E-16     0.1190E-16     0.1151E-16     0.1164E-16     0.1220E-16     0.1298E-16     0.1368E-16     0.1400E-16     0.1386E-16
     0.1342E-16     0.1303E-16     0.1262E-16     0.1241E-16     0.1251E-16     0.1292E-16     0.1358E-16     0.1434E-16     0.1507E-16     0.1567E-16     0.1609E-16     0.1628E-16     0.1614E-16     0.1564E-16     0.1479E-16     0.1374E-16     0.1271E-16     0.1193E-16     0.1156E-16     0.1164E-16     0.1209E-16     0.1273E-16     0.1329E-16     0.1355E-16     0.1342E-16
     0.1296E-16     0.1263E-16     0.1229E-16     0.1211E-16     0.1221E-16     0.1257E-16     0.1315E-16     0.1382E-16     0.1448E-16     0.1504E-16     0.1544E-16     0.1563E-16     0.1554E-16     0.1512E-16     0.1440E-16     0.1348E-16     0.1258E-16     0.1189E-16     0.1154E-16     0.1157E-16     0.1193E-16     0.1243E-16     0.1288E-16     0.1307E-16     0.1296E-16
     0.1248E-16     0.1221E-16     0.1193E-16     0.1179E-16     0.1188E-16     0.1220E-16     0.1270E-16     0.1329E-16     0.1388E-16     0.1439E-16     0.1477E-16     0.1495E-16     0.1490E-16     0.1455E-16     0.1394E-16     0.1316E-16     0.1239E-16     0.1178E-16     0.1146E-16     0.1145E-16     0.1171E-16     0.1210E-16     0.1244E-16     0.1258E-16     0.1248E-16
     0.1199E-16     0.1178E-16     0.1155E-16     0.1145E-16     0.1153E-16     0.1180E-16     0.1223E-16     0.1275E-16     0.1327E-16     0.1373E-16     0.1407E-16     0.1426E-16     0.1422E-16     0.1395E-16     0.1344E-16     0.1279E-16     0.1213E-16     0.1161E-16     0.1131E-16     0.1128E-16     0.1146E-16     0.1174E-16     0.1199E-16     0.1209E-16     0.1199E-16
     0.1151E-16     0.1134E-16     0.1117E-16     0.1109E-16     0.1117E-16     0.1140E-16     0.1177E-16     0.1221E-16     0.1266E-16     0.1307E-16     0.1338E-16     0.1355E-16     0.1354E-16     0.1332E-16     0.1291E-16     0.1237E-16     0.1183E-16     0.1138E-16     0.1111E-16     0.1105E-16     0.1117E-16     0.1136E-16     0.1154E-16     0.1160E-16     0.1151E-16
     0.1105E-16     0.1091E-16     0.1079E-16     0.1073E-16     0.1080E-16     0.1100E-16     0.1131E-16     0.1169E-16     0.1208E-16     0.1243E-16     0.1270E-16     0.1286E-16     0.1286E-16     0.1269E-16     0.1236E-16     0.1193E-16     0.1148E-16     0.1111E-16     0.1087E-16     0.1080E-16     0.1086E-16     0.1098E-16     0.1109E-16     0.1112E-16     0.1105E-16
     0.1061E-16     0.1051E-16     0.1042E-16     0.1039E-16     0.1045E-16     0.1062E-16     0.1088E-16     0.1119E-16     0.1152E-16     0.1182E-16     0.1205E-16     0.1219E-16     0.1220E-16     0.1207E-16     0.1181E-16     0.1147E-16     0.1112E-16     0.1081E-16     0.1061E-16     0.1052E-16     0.1053E-16     0.1060E-16     0.1066E-16     0.1067E-16     0.1061E-16
     0.1021E-16     0.1014E-16     0.1007E-16     0.1006E-16     0.1012E-16     0.1026E-16     0.1048E-16     0.1073E-16     0.1100E-16     0.1125E-16     0.1145E-16     0.1157E-16     0.1158E-16     0.1149E-16     0.1129E-16     0.1103E-16     0.1075E-16     0.1050E-16     0.1033E-16     0.1024E-16     0.1022E-16     0.1024E-16     0.1027E-16     0.1026E-16     0.1021E-16
     0.9857E-17     0.9805E-17     0.9767E-17     0.9767E-17     0.9824E-17     0.9942E-17     0.1011E-16     0.1032E-16     0.1054E-16     0.1074E-16     0.1090E-16     0.1100E-16     0.1101E-16     0.1095E-16     0.1080E-16     0.1060E-16     0.1039E-16     0.1020E-16     0.1005E-16     0.9961E-17     0.9925E-17     0.9919E-17     0.9917E-17     0.9898E-17     0.9857E-17
     0.9560E-17     0.9526E-17     0.9506E-17     0.9516E-17     0.9567E-17     0.9663E-17     0.9799E-17     0.9960E-17     0.1013E-16     0.1029E-16     0.1041E-16     0.1049E-16     0.1051E-16     0.1046E-16     0.1036E-16     0.1022E-16     0.1006E-16     0.9910E-17     0.9790E-17     0.9708E-17     0.9660E-17     0.9635E-17     0.9617E-17     0.9593E-17     0.9560E-17
     0.9326E-17     0.9306E-17     0.9299E-17     0.9314E-17     0.9360E-17     0.9436E-17     0.9539E-17     0.9660E-17     0.9786E-17     0.9904E-17     0.9998E-17     0.1006E-16     0.1007E-16     0.1004E-16     0.9975E-17     0.9876E-17     0.9764E-17     0.9654E-17     0.9560E-17     0.9488E-17     0.9438E-17     0.9403E-17     0.9377E-17     0.9351E-17     0.9326E-17
     0.9161E-17     0.9151E-17     0.9152E-17     0.9170E-17     0.9207E-17     0.9265E-17     0.9339E-17     0.9424E-17     0.9512E-17     0.9594E-17     0.9659E-17     0.9701E-17     0.9714E-17     0.9698E-17     0.9655E-17     0.9591E-17     0.9517E-17     0.9441E-17     0.9371E-17     0.9313E-17     0.9266E-17     0.9231E-17     0.9202E-17     0.9179E-17     0.9161E-17
     0.9070E-17     0.9066E-17     0.9071E-17     0.9087E-17     0.9115E-17     0.9154E-17     0.9202E-17     0.9256E-17     0.9310E-17     0.9360E-17     0.9400E-17     0.9426E-17     0.9435E-17     0.9428E-17     0.9404E-17     0.9368E-17     0.9324E-17     0.9277E-17     0.9231E-17     0.9189E-17     0.9153E-17     0.9123E-17     0.9100E-17     0.9082E-17     0.9070E-17
     0.9056E-17     0.9055E-17     0.9060E-17     0.9070E-17     0.9086E-17     0.9106E-17     0.9129E-17     0.9155E-17     0.9180E-17     0.9202E-17     0.9220E-17     0.9232E-17     0.9238E-17     0.9235E-17     0.9226E-17     0.9211E-17     0.9191E-17     0.9169E-17     0.9146E-17     0.9124E-17     0.9103E-17     0.9086E-17     0.9072E-17     0.9061E-17     0.9056E-17
