     0.8185E-14     0.8181E-14     0.8186E-14     0.8201E-14     0.8225E-14     0.8255E-14     0.8289E-14     0.8326E-14     0.8364E-14     0.8399E-14     0.8429E-14     0.8454E-14     0.8470E-14     0.8478E-14     0.8475E-14     0.8462E-14     0.8440E-14     0.8410E-14     0.8374E-14     0.8334E-14     0.8294E-14     0.8257E-14     0.8225E-14     0.8200E-14     0.8185E-14
     0.8024E-14     0.8016E-14     0.8030E-14     0.8062E-14     0.8109E-14     0.8168E-14     0.8235E-14     0.8306E-14     0.8377E-14     0.8445E-14     0.8506E-14     0.8555E-14     0.8590E-14     0.8607E-14     0.8605E-14     0.8582E-14     0.8540E-14     0.8480E-14     0.8408E-14     0.8327E-14     0.8244E-14     0.8167E-14     0.8101E-14     0.8052E-14     0.8024E-14
     0.7861E-14     0.7854E-14     0.7879E-14     0.7929E-14     0.8000E-14     0.8085E-14     0.8180E-14     0.8281E-14     0.8384E-14     0.8483E-14     0.8573E-14     0.8648E-14     0.8703E-14     0.8733E-14     0.8733E-14     0.8704E-14     0.8644E-14     0.8557E-14     0.8448E-14     0.8325E-14     0.8197E-14     0.8077E-14     0.7976E-14     0.7902E-14     0.7861E-14
     0.7702E-14     0.7698E-14     0.7735E-14     0.7805E-14     0.7898E-14     0.8006E-14     0.8125E-14     0.8252E-14     0.8381E-14     0.8510E-14     0.8630E-14     0.8733E-14     0.8810E-14     0.8854E-14     0.8861E-14     0.8828E-14     0.8754E-14     0.8642E-14     0.8497E-14     0.8331E-14     0.8156E-14     0.7991E-14     0.7853E-14     0.7754E-14     0.7702E-14
     0.7549E-14     0.7550E-14     0.7602E-14     0.7692E-14     0.7805E-14     0.7932E-14     0.8070E-14     0.8216E-14     0.8370E-14     0.8527E-14     0.8677E-14     0.8809E-14     0.8911E-14     0.8973E-14     0.8988E-14     0.8954E-14     0.8870E-14     0.8736E-14     0.8558E-14     0.8348E-14     0.8125E-14     0.7912E-14     0.7734E-14     0.7610E-14     0.7549E-14
     0.7405E-14     0.7414E-14     0.7483E-14     0.7593E-14     0.7724E-14     0.7864E-14     0.8014E-14     0.8175E-14     0.8350E-14     0.8534E-14     0.8716E-14     0.8879E-14     0.9008E-14     0.9090E-14     0.9117E-14     0.9085E-14     0.8994E-14     0.8842E-14     0.8633E-14     0.8380E-14     0.8106E-14     0.7843E-14     0.7624E-14     0.7474E-14     0.7405E-14
     0.7274E-14     0.7293E-14     0.7382E-14     0.7511E-14     0.7655E-14     0.7803E-14     0.7957E-14     0.8127E-14     0.8319E-14     0.8531E-14     0.8747E-14     0.8946E-14     0.9104E-14     0.9208E-14     0.9249E-14     0.9223E-14     0.9128E-14     0.8961E-14     0.8724E-14     0.8429E-14     0.8103E-14     0.7787E-14     0.7524E-14     0.7349E-14     0.7274E-14
     0.7159E-14     0.7191E-14     0.7301E-14     0.7448E-14     0.7601E-14     0.7749E-14     0.7900E-14     0.8072E-14     0.8280E-14     0.8520E-14     0.8773E-14     0.9010E-14     0.9202E-14     0.9331E-14     0.9387E-14     0.9369E-14     0.9274E-14     0.9098E-14     0.8835E-14     0.8498E-14     0.8118E-14     0.7747E-14     0.7439E-14     0.7238E-14     0.7159E-14
     0.7062E-14     0.7110E-14     0.7242E-14     0.7407E-14     0.7564E-14     0.7703E-14     0.7843E-14     0.8012E-14     0.8232E-14     0.8502E-14     0.8796E-14     0.9076E-14     0.9305E-14     0.9460E-14     0.9534E-14     0.9526E-14     0.9435E-14     0.9252E-14     0.8968E-14     0.8591E-14     0.8155E-14     0.7725E-14     0.7370E-14     0.7143E-14     0.7062E-14
     0.6986E-14     0.7052E-14     0.7209E-14     0.7389E-14     0.7545E-14     0.7667E-14     0.7786E-14     0.7946E-14     0.8177E-14     0.8478E-14     0.8818E-14     0.9146E-14     0.9416E-14     0.9600E-14     0.9693E-14     0.9697E-14     0.9613E-14     0.9428E-14     0.9126E-14     0.8709E-14     0.8216E-14     0.7725E-14     0.7320E-14     0.7067E-14     0.6986E-14
     0.6932E-14     0.7019E-14     0.7202E-14     0.7396E-14     0.7544E-14     0.7640E-14     0.7730E-14     0.7875E-14     0.8116E-14     0.8451E-14     0.8841E-14     0.9223E-14     0.9539E-14     0.9754E-14     0.9866E-14     0.9884E-14     0.9810E-14     0.9627E-14     0.9311E-14     0.8855E-14     0.8304E-14     0.7747E-14     0.7291E-14     0.7012E-14     0.6932E-14
     0.6902E-14     0.7013E-14     0.7223E-14     0.7429E-14     0.7562E-14     0.7623E-14     0.7675E-14     0.7800E-14     0.8050E-14     0.8423E-14     0.8869E-14     0.9311E-14     0.9676E-14     0.9925E-14     0.1006E-13     0.1009E-13     0.1003E-13     0.9851E-14     0.9524E-14     0.9032E-14     0.8419E-14     0.7794E-14     0.7284E-14     0.6979E-14     0.6902E-14
     0.6897E-14     0.7034E-14     0.7272E-14     0.7489E-14     0.7601E-14     0.7616E-14     0.7622E-14     0.7723E-14     0.7982E-14     0.8396E-14     0.8904E-14     0.9411E-14     0.9830E-14     0.1011E-13     0.1027E-13     0.1031E-13     0.1027E-13     0.1010E-13     0.9767E-14     0.9240E-14     0.8565E-14     0.7868E-14     0.7301E-14     0.6969E-14     0.6897E-14
     0.6916E-14     0.7081E-14     0.7350E-14     0.7575E-14     0.7659E-14     0.7620E-14     0.7572E-14     0.7645E-14     0.7914E-14     0.8373E-14     0.8947E-14     0.9526E-14     0.1000E-13     0.1032E-13     0.1050E-13     0.1056E-13     0.1053E-13     0.1038E-13     0.1004E-13     0.9481E-14     0.8741E-14     0.7968E-14     0.7341E-14     0.6982E-14     0.6916E-14
     0.6960E-14     0.7155E-14     0.7456E-14     0.7687E-14     0.7737E-14     0.7635E-14     0.7526E-14     0.7568E-14     0.7848E-14     0.8355E-14     0.9002E-14     0.9658E-14     0.1020E-13     0.1056E-13     0.1075E-13     0.1082E-13     0.1081E-13     0.1068E-13     0.1035E-13     0.9756E-14     0.8949E-14     0.8096E-14     0.7406E-14     0.7018E-14     0.6960E-14
     0.7026E-14     0.7254E-14     0.7588E-14     0.7824E-14     0.7834E-14     0.7660E-14     0.7484E-14     0.7495E-14     0.7786E-14     0.8345E-14     0.9070E-14     0.9808E-14     0.1041E-13     0.1081E-13     0.1102E-13     0.1111E-13     0.1112E-13     0.1101E-13     0.1069E-13     0.1006E-13     0.9188E-14     0.8251E-14     0.7494E-14     0.7077E-14     0.7026E-14
     0.7115E-14     0.7375E-14     0.7743E-14     0.7983E-14     0.7948E-14     0.7696E-14     0.7450E-14     0.7427E-14     0.7732E-14     0.8345E-14     0.9152E-14     0.9976E-14     0.1065E-13     0.1109E-13     0.1132E-13     0.1142E-13     0.1144E-13     0.1136E-13     0.1105E-13     0.1041E-13     0.9459E-14     0.8433E-14     0.7606E-14     0.7158E-14     0.7115E-14
     0.7223E-14     0.7517E-14     0.7919E-14     0.8162E-14     0.8078E-14     0.7744E-14     0.7424E-14     0.7368E-14     0.7688E-14     0.8358E-14     0.9249E-14     0.1016E-13     0.1091E-13     0.1139E-13     0.1163E-13     0.1174E-13     0.1179E-13     0.1174E-13     0.1145E-13     0.1078E-13     0.9760E-14     0.8641E-14     0.7741E-14     0.7259E-14     0.7223E-14
     0.7348E-14     0.7675E-14     0.8113E-14     0.8358E-14     0.8222E-14     0.7803E-14     0.7408E-14     0.7321E-14     0.7658E-14     0.8387E-14     0.9363E-14     0.1037E-13     0.1119E-13     0.1170E-13     0.1196E-13     0.1208E-13     0.1216E-13     0.1214E-13     0.1188E-13     0.1118E-13     0.1009E-13     0.8874E-14     0.7896E-14     0.7379E-14     0.7348E-14
     0.7489E-14     0.7848E-14     0.8321E-14     0.8568E-14     0.8379E-14     0.7873E-14     0.7406E-14     0.7289E-14     0.7645E-14     0.8432E-14     0.9494E-14     0.1059E-13     0.1148E-13     0.1203E-13     0.1230E-13     0.1244E-13     0.1254E-13     0.1256E-13     0.1232E-13     0.1161E-13     0.1045E-13     0.9130E-14     0.8072E-14     0.7516E-14     0.7489E-14
     0.7641E-14     0.8030E-14     0.8537E-14     0.8787E-14     0.8547E-14     0.7956E-14     0.7419E-14     0.7276E-14     0.7651E-14     0.8496E-14     0.9643E-14     0.1083E-13     0.1179E-13     0.1238E-13     0.1266E-13     0.1280E-13     0.1293E-13     0.1299E-13     0.1279E-13     0.1206E-13     0.1082E-13     0.9407E-14     0.8264E-14     0.7667E-14     0.7641E-14
     0.7802E-14     0.8218E-14     0.8758E-14     0.9011E-14     0.8723E-14     0.8053E-14     0.7451E-14     0.7285E-14     0.7681E-14     0.8582E-14     0.9809E-14     0.1108E-13     0.1211E-13     0.1273E-13     0.1302E-13     0.1317E-13     0.1332E-13     0.1343E-13     0.1326E-13     0.1253E-13     0.1122E-13     0.9701E-14     0.8473E-14     0.7831E-14     0.7802E-14
     0.7970E-14     0.8409E-14     0.8980E-14     0.9237E-14     0.8905E-14     0.8163E-14     0.7504E-14     0.7320E-14     0.7736E-14     0.8691E-14     0.9994E-14     0.1135E-13     0.1243E-13     0.1308E-13     0.1337E-13     0.1353E-13     0.1371E-13     0.1387E-13     0.1374E-13     0.1301E-13     0.1163E-13     0.1001E-13     0.8694E-14     0.8005E-14     0.7970E-14
     0.8141E-14     0.8599E-14     0.9198E-14     0.9461E-14     0.9092E-14     0.8288E-14     0.7581E-14     0.7383E-14     0.7821E-14     0.8824E-14     0.1020E-13     0.1162E-13     0.1276E-13     0.1343E-13     0.1373E-13     0.1389E-13     0.1410E-13     0.1431E-13     0.1422E-13     0.1349E-13     0.1205E-13     0.1033E-13     0.8925E-14     0.8187E-14     0.8141E-14
     0.8313E-14     0.8784E-14     0.9408E-14     0.9680E-14     0.9282E-14     0.8429E-14     0.7684E-14     0.7479E-14     0.7936E-14     0.8983E-14     0.1042E-13     0.1190E-13     0.1308E-13     0.1377E-13     0.1407E-13     0.1424E-13     0.1447E-13     0.1473E-13     0.1469E-13     0.1396E-13     0.1247E-13     0.1065E-13     0.9164E-14     0.8373E-14     0.8313E-14
     0.8483E-14     0.8963E-14     0.9607E-14     0.9889E-14     0.9474E-14     0.8586E-14     0.7816E-14     0.7608E-14     0.8085E-14     0.9169E-14     0.1065E-13     0.1219E-13     0.1340E-13     0.1410E-13     0.1439E-13     0.1457E-13     0.1483E-13     0.1514E-13     0.1514E-13     0.1442E-13     0.1288E-13     0.1098E-13     0.9407E-14     0.8563E-14     0.8483E-14
     0.8650E-14     0.9132E-14     0.9793E-14     0.1009E-13     0.9667E-14     0.8761E-14     0.7979E-14     0.7774E-14     0.8269E-14     0.9383E-14     0.1090E-13     0.1248E-13     0.1371E-13     0.1441E-13     0.1470E-13     0.1487E-13     0.1516E-13     0.1551E-13     0.1557E-13     0.1486E-13     0.1328E-13     0.1130E-13     0.9651E-14     0.8754E-14     0.8650E-14
     0.8812E-14     0.9291E-14     0.9964E-14     0.1027E-13     0.9860E-14     0.8954E-14     0.8175E-14     0.7978E-14     0.8488E-14     0.9625E-14     0.1117E-13     0.1276E-13     0.1401E-13     0.1470E-13     0.1497E-13     0.1515E-13     0.1546E-13     0.1586E-13     0.1596E-13     0.1527E-13     0.1366E-13     0.1162E-13     0.9895E-14     0.8943E-14     0.8812E-14
     0.8969E-14     0.9438E-14     0.1012E-13     0.1045E-13     0.1005E-13     0.9167E-14     0.8403E-14     0.8221E-14     0.8745E-14     0.9895E-14     0.1145E-13     0.1305E-13     0.1429E-13     0.1496E-13     0.1522E-13     0.1540E-13     0.1573E-13     0.1616E-13     0.1631E-13     0.1564E-13     0.1402E-13     0.1192E-13     0.1013E-13     0.9131E-14     0.8969E-14
     0.9120E-14     0.9574E-14     0.1026E-13     0.1061E-13     0.1025E-13     0.9398E-14     0.8666E-14     0.8503E-14     0.9038E-14     0.1019E-13     0.1175E-13     0.1333E-13     0.1455E-13     0.1520E-13     0.1544E-13     0.1562E-13     0.1597E-13     0.1643E-13     0.1661E-13     0.1597E-13     0.1434E-13     0.1221E-13     0.1037E-13     0.9316E-14     0.9120E-14
     0.9266E-14     0.9699E-14     0.1038E-13     0.1075E-13     0.1044E-13     0.9649E-14     0.8962E-14     0.8825E-14     0.9368E-14     0.1052E-13     0.1205E-13     0.1361E-13     0.1479E-13     0.1541E-13     0.1563E-13     0.1580E-13     0.1616E-13     0.1665E-13     0.1686E-13     0.1625E-13     0.1463E-13     0.1248E-13     0.1059E-13     0.9497E-14     0.9266E-14
     0.9408E-14     0.9815E-14     0.1049E-13     0.1089E-13     0.1064E-13     0.9919E-14     0.9291E-14     0.9184E-14     0.9733E-14     0.1087E-13     0.1237E-13     0.1389E-13     0.1501E-13     0.1559E-13     0.1579E-13     0.1596E-13     0.1632E-13     0.1683E-13     0.1707E-13     0.1649E-13     0.1488E-13     0.1273E-13     0.1081E-13     0.9676E-14     0.9408E-14
     0.9546E-14     0.9925E-14     0.1059E-13     0.1101E-13     0.1084E-13     0.1021E-13     0.9652E-14     0.9580E-14     0.1013E-13     0.1124E-13     0.1270E-13     0.1416E-13     0.1522E-13     0.1575E-13     0.1592E-13     0.1608E-13     0.1645E-13     0.1697E-13     0.1722E-13     0.1667E-13     0.1509E-13     0.1295E-13     0.1102E-13     0.9852E-14     0.9546E-14
     0.9685E-14     0.1003E-13     0.1068E-13     0.1114E-13     0.1104E-13     0.1052E-13     0.1004E-13     0.1001E-13     0.1056E-13     0.1164E-13     0.1304E-13     0.1442E-13     0.1542E-13     0.1589E-13     0.1603E-13     0.1618E-13     0.1656E-13     0.1707E-13     0.1734E-13     0.1681E-13     0.1527E-13     0.1316E-13     0.1123E-13     0.1003E-13     0.9685E-14
     0.9826E-14     0.1014E-13     0.1078E-13     0.1126E-13     0.1125E-13     0.1084E-13     0.1046E-13     0.1047E-13     0.1102E-13     0.1206E-13     0.1339E-13     0.1469E-13     0.1560E-13     0.1601E-13     0.1613E-13     0.1627E-13     0.1663E-13     0.1714E-13     0.1741E-13     0.1690E-13     0.1541E-13     0.1334E-13     0.1142E-13     0.1020E-13     0.9826E-14
     0.9974E-14     0.1025E-13     0.1087E-13     0.1138E-13     0.1147E-13     0.1118E-13     0.1090E-13     0.1096E-13     0.1150E-13     0.1249E-13     0.1375E-13     0.1496E-13     0.1578E-13     0.1613E-13     0.1622E-13     0.1634E-13     0.1670E-13     0.1719E-13     0.1745E-13     0.1696E-13     0.1553E-13     0.1351E-13     0.1162E-13     0.1039E-13     0.9974E-14
     0.1013E-13     0.1037E-13     0.1097E-13     0.1152E-13     0.1170E-13     0.1154E-13     0.1137E-13     0.1147E-13     0.1201E-13     0.1295E-13     0.1412E-13     0.1523E-13     0.1596E-13     0.1625E-13     0.1630E-13     0.1641E-13     0.1675E-13     0.1722E-13     0.1746E-13     0.1700E-13     0.1561E-13     0.1366E-13     0.1181E-13     0.1057E-13     0.1013E-13
     0.1031E-13     0.1050E-13     0.1109E-13     0.1167E-13     0.1194E-13     0.1192E-13     0.1185E-13     0.1200E-13     0.1253E-13     0.1342E-13     0.1451E-13     0.1550E-13     0.1614E-13     0.1637E-13     0.1639E-13     0.1648E-13     0.1680E-13     0.1724E-13     0.1746E-13     0.1701E-13     0.1568E-13     0.1381E-13     0.1200E-13     0.1077E-13     0.1031E-13
     0.1050E-13     0.1066E-13     0.1123E-13     0.1183E-13     0.1220E-13     0.1231E-13     0.1234E-13     0.1255E-13     0.1307E-13     0.1390E-13     0.1490E-13     0.1579E-13     0.1633E-13     0.1650E-13     0.1649E-13     0.1657E-13     0.1686E-13     0.1727E-13     0.1746E-13     0.1701E-13     0.1574E-13     0.1395E-13     0.1220E-13     0.1099E-13     0.1050E-13
     0.1071E-13     0.1085E-13     0.1139E-13     0.1203E-13     0.1248E-13     0.1271E-13     0.1285E-13     0.1310E-13     0.1362E-13     0.1439E-13     0.1530E-13     0.1608E-13     0.1654E-13     0.1665E-13     0.1661E-13     0.1667E-13     0.1693E-13     0.1730E-13     0.1745E-13     0.1701E-13     0.1580E-13     0.1409E-13     0.1241E-13     0.1122E-13     0.1071E-13
     0.1096E-13     0.1106E-13     0.1159E-13     0.1225E-13     0.1279E-13     0.1312E-13     0.1336E-13     0.1367E-13     0.1417E-13     0.1489E-13     0.1571E-13     0.1639E-13     0.1676E-13     0.1682E-13     0.1676E-13     0.1679E-13     0.1702E-13     0.1734E-13     0.1745E-13     0.1701E-13     0.1586E-13     0.1424E-13     0.1263E-13     0.1147E-13     0.1096E-13
     0.1124E-13     0.1132E-13     0.1182E-13     0.1250E-13     0.1311E-13     0.1355E-13     0.1388E-13     0.1423E-13     0.1473E-13     0.1540E-13     0.1613E-13     0.1671E-13     0.1701E-13     0.1702E-13     0.1694E-13     0.1695E-13     0.1714E-13     0.1740E-13     0.1747E-13     0.1703E-13     0.1594E-13     0.1441E-13     0.1288E-13     0.1175E-13     0.1124E-13
     0.1155E-13     0.1161E-13     0.1210E-13     0.1279E-13     0.1346E-13     0.1398E-13     0.1439E-13     0.1480E-13     0.1529E-13     0.1591E-13     0.1655E-13     0.1705E-13     0.1728E-13     0.1725E-13     0.1715E-13     0.1713E-13     0.1728E-13     0.1749E-13     0.1751E-13     0.1706E-13     0.1603E-13     0.1459E-13     0.1314E-13     0.1207E-13     0.1155E-13
     0.1191E-13     0.1195E-13     0.1242E-13     0.1311E-13     0.1383E-13     0.1443E-13     0.1491E-13     0.1535E-13     0.1585E-13     0.1642E-13     0.1699E-13     0.1741E-13     0.1757E-13     0.1751E-13     0.1739E-13     0.1735E-13     0.1746E-13     0.1761E-13     0.1758E-13     0.1712E-13     0.1614E-13     0.1479E-13     0.1344E-13     0.1241E-13     0.1191E-13
     0.1230E-13     0.1233E-13     0.1278E-13     0.1348E-13     0.1422E-13     0.1488E-13     0.1542E-13     0.1590E-13     0.1639E-13     0.1692E-13     0.1742E-13     0.1777E-13     0.1789E-13     0.1780E-13     0.1766E-13     0.1760E-13     0.1766E-13     0.1776E-13     0.1768E-13     0.1721E-13     0.1627E-13     0.1502E-13     0.1376E-13     0.1279E-13     0.1230E-13
     0.1274E-13     0.1277E-13     0.1320E-13     0.1388E-13     0.1464E-13     0.1533E-13     0.1592E-13     0.1643E-13     0.1692E-13     0.1741E-13     0.1786E-13     0.1815E-13     0.1822E-13     0.1812E-13     0.1797E-13     0.1788E-13     0.1790E-13     0.1793E-13     0.1780E-13     0.1733E-13     0.1644E-13     0.1528E-13     0.1411E-13     0.1320E-13     0.1274E-13
     0.1322E-13     0.1324E-13     0.1365E-13     0.1431E-13     0.1507E-13     0.1579E-13     0.1641E-13     0.1694E-13     0.1743E-13     0.1789E-13     0.1828E-13     0.1853E-13     0.1857E-13     0.1846E-13     0.1830E-13     0.1819E-13     0.1816E-13     0.1814E-13     0.1796E-13     0.1747E-13     0.1664E-13     0.1557E-13     0.1449E-13     0.1365E-13     0.1322E-13
     0.1374E-13     0.1375E-13     0.1414E-13     0.1478E-13     0.1552E-13     0.1625E-13     0.1688E-13     0.1743E-13     0.1792E-13     0.1835E-13     0.1870E-13     0.1890E-13     0.1893E-13     0.1881E-13     0.1864E-13     0.1852E-13     0.1845E-13     0.1836E-13     0.1814E-13     0.1765E-13     0.1687E-13     0.1588E-13     0.1490E-13     0.1414E-13     0.1374E-13
     0.1429E-13     0.1431E-13     0.1466E-13     0.1527E-13     0.1599E-13     0.1670E-13     0.1734E-13     0.1789E-13     0.1837E-13     0.1878E-13     0.1910E-13     0.1927E-13     0.1928E-13     0.1916E-13     0.1900E-13     0.1885E-13     0.1874E-13     0.1861E-13     0.1835E-13     0.1786E-13     0.1712E-13     0.1622E-13     0.1534E-13     0.1465E-13     0.1429E-13
     0.1487E-13     0.1489E-13     0.1522E-13     0.1578E-13     0.1646E-13     0.1715E-13     0.1778E-13     0.1832E-13     0.1879E-13     0.1918E-13     0.1947E-13     0.1962E-13     0.1962E-13     0.1951E-13     0.1935E-13     0.1919E-13     0.1904E-13     0.1887E-13     0.1857E-13     0.1809E-13     0.1740E-13     0.1659E-13     0.1580E-13     0.1519E-13     0.1487E-13
     0.1547E-13     0.1549E-13     0.1579E-13     0.1630E-13     0.1693E-13     0.1758E-13     0.1819E-13     0.1872E-13     0.1917E-13     0.1954E-13     0.1980E-13     0.1994E-13     0.1994E-13     0.1984E-13     0.1968E-13     0.1951E-13     0.1934E-13     0.1912E-13     0.1881E-13     0.1833E-13     0.1770E-13     0.1698E-13     0.1629E-13     0.1575E-13     0.1547E-13
     0.1608E-13     0.1610E-13     0.1636E-13     0.1682E-13     0.1739E-13     0.1799E-13     0.1857E-13     0.1907E-13     0.1951E-13     0.1985E-13     0.2009E-13     0.2022E-13     0.2022E-13     0.2013E-13     0.1998E-13     0.1981E-13     0.1961E-13     0.1937E-13     0.1904E-13     0.1859E-13     0.1802E-13     0.1738E-13     0.1678E-13     0.1632E-13     0.1608E-13
     0.1669E-13     0.1671E-13     0.1694E-13     0.1734E-13     0.1785E-13     0.1839E-13     0.1891E-13     0.1938E-13     0.1979E-13     0.2011E-13     0.2033E-13     0.2045E-13     0.2046E-13     0.2038E-13     0.2024E-13     0.2007E-13     0.1986E-13     0.1961E-13     0.1928E-13     0.1885E-13     0.1834E-13     0.1779E-13     0.1728E-13     0.1689E-13     0.1669E-13
     0.1729E-13     0.1731E-13     0.1751E-13     0.1785E-13     0.1828E-13     0.1875E-13     0.1922E-13     0.1965E-13     0.2001E-13     0.2030E-13     0.2051E-13     0.2062E-13     0.2063E-13     0.2057E-13     0.2044E-13     0.2028E-13     0.2007E-13     0.1981E-13     0.1949E-13     0.1910E-13     0.1866E-13     0.1819E-13     0.1777E-13     0.1745E-13     0.1729E-13
     0.1787E-13     0.1789E-13     0.1805E-13     0.1833E-13     0.1869E-13     0.1908E-13     0.1948E-13     0.1986E-13     0.2018E-13     0.2043E-13     0.2062E-13     0.2072E-13     0.2074E-13     0.2069E-13     0.2058E-13     0.2042E-13     0.2023E-13     0.1998E-13     0.1969E-13     0.1934E-13     0.1897E-13     0.1858E-13     0.1825E-13     0.1799E-13     0.1787E-13
     0.1842E-13     0.1843E-13     0.1856E-13     0.1878E-13     0.1906E-13     0.1938E-13     0.1970E-13     0.2001E-13     0.2028E-13     0.2050E-13     0.2065E-13     0.2074E-13     0.2077E-13     0.2073E-13     0.2064E-13     0.2050E-13     0.2032E-13     0.2011E-13     0.1985E-13     0.1956E-13     0.1925E-13     0.1896E-13     0.1870E-13     0.1851E-13     0.1842E-13
     0.1892E-13     0.1893E-13     0.1902E-13     0.1918E-13     0.1939E-13     0.1962E-13     0.1987E-13     0.2010E-13     0.2031E-13     0.2049E-13     0.2061E-13     0.2069E-13     0.2071E-13     0.2069E-13     0.2062E-13     0.2050E-13     0.2036E-13     0.2018E-13     0.1997E-13     0.1975E-13     0.1951E-13     0.1930E-13     0.1911E-13     0.1898E-13     0.1892E-13
     0.1936E-13     0.1937E-13     0.1943E-13     0.1953E-13     0.1966E-13     0.1982E-13     0.1998E-13     0.2014E-13     0.2029E-13     0.2041E-13     0.2050E-13     0.2055E-13     0.2057E-13     0.2056E-13     0.2051E-13     0.2043E-13     0.2032E-13     0.2019E-13     0.2005E-13     0.1989E-13     0.1974E-13     0.1960E-13     0.1948E-13     0.1940E-13     0.1936E-13
     0.1974E-13     0.1974E-13     0.1977E-13     0.1982E-13     0.1988E-13     0.1996E-13     0.2004E-13     0.2012E-13     0.2019E-13     0.2026E-13     0.2031E-13     0.2034E-13     0.2035E-13     0.2034E-13     0.2032E-13     0.2027E-13     0.2022E-13     0.2015E-13     0.2007E-13     0.1999E-13     0.1992E-13     0.1985E-13     0.1979E-13     0.1975E-13     0.1974E-13
