     0.9500E-14     0.9447E-14     0.9407E-14     0.9383E-14     0.9378E-14     0.9391E-14     0.9425E-14     0.9476E-14     0.9541E-14     0.9616E-14     0.9696E-14     0.9773E-14     0.9842E-14     0.9897E-14     0.9934E-14     0.9951E-14     0.9948E-14     0.9926E-14     0.9886E-14     0.9833E-14     0.9770E-14     0.9702E-14     0.9631E-14     0.9563E-14     0.9500E-14
     0.9415E-14     0.9311E-14     0.9229E-14     0.9175E-14     0.9157E-14     0.9178E-14     0.9239E-14     0.9340E-14     0.9473E-14     0.9629E-14     0.9796E-14     0.9959E-14     0.1010E-13     0.1021E-13     0.1029E-13     0.1031E-13     0.1030E-13     0.1024E-13     0.1015E-13     0.1005E-13     0.9923E-14     0.9793E-14     0.9662E-14     0.9534E-14     0.9415E-14
     0.9362E-14     0.9210E-14     0.9085E-14     0.8998E-14     0.8961E-14     0.8984E-14     0.9070E-14     0.9218E-14     0.9421E-14     0.9663E-14     0.9924E-14     0.1018E-13     0.1040E-13     0.1058E-13     0.1068E-13     0.1070E-13     0.1066E-13     0.1056E-13     0.1042E-13     0.1025E-13     0.1007E-13     0.9892E-14     0.9709E-14     0.9531E-14     0.9362E-14
     0.9341E-14     0.9143E-14     0.8975E-14     0.8852E-14     0.8793E-14     0.8814E-14     0.8921E-14     0.9116E-14     0.9389E-14     0.9720E-14     0.1008E-13     0.1044E-13     0.1075E-13     0.1098E-13     0.1110E-13     0.1112E-13     0.1104E-13     0.1088E-13     0.1067E-13     0.1045E-13     0.1022E-13     0.9992E-14     0.9770E-14     0.9552E-14     0.9341E-14
     0.9347E-14     0.9108E-14     0.8896E-14     0.8736E-14     0.8654E-14     0.8670E-14     0.8797E-14     0.9037E-14     0.9381E-14     0.9803E-14     0.1027E-13     0.1073E-13     0.1113E-13     0.1142E-13     0.1156E-13     0.1155E-13     0.1142E-13     0.1119E-13     0.1091E-13     0.1063E-13     0.1035E-13     0.1009E-13     0.9841E-14     0.9594E-14     0.9347E-14
     0.9377E-14     0.9101E-14     0.8848E-14     0.8652E-14     0.8545E-14     0.8556E-14     0.8702E-14     0.8986E-14     0.9400E-14     0.9914E-14     0.1049E-13     0.1105E-13     0.1154E-13     0.1189E-13     0.1205E-13     0.1201E-13     0.1180E-13     0.1149E-13     0.1114E-13     0.1079E-13     0.1047E-13     0.1019E-13     0.9919E-14     0.9652E-14     0.9377E-14
     0.9427E-14     0.9120E-14     0.8829E-14     0.8596E-14     0.8466E-14     0.8473E-14     0.8637E-14     0.8966E-14     0.9448E-14     0.1005E-13     0.1073E-13     0.1140E-13     0.1199E-13     0.1239E-13     0.1255E-13     0.1247E-13     0.1218E-13     0.1177E-13     0.1133E-13     0.1092E-13     0.1057E-13     0.1027E-13     0.9998E-14     0.9722E-14     0.9427E-14
     0.9495E-14     0.9160E-14     0.8835E-14     0.8569E-14     0.8418E-14     0.8422E-14     0.8606E-14     0.8979E-14     0.9528E-14     0.1022E-13     0.1100E-13     0.1178E-13     0.1245E-13     0.1291E-13     0.1307E-13     0.1293E-13     0.1255E-13     0.1203E-13     0.1150E-13     0.1103E-13     0.1065E-13     0.1034E-13     0.1008E-13     0.9802E-14     0.9495E-14
     0.9574E-14     0.9219E-14     0.8863E-14     0.8569E-14     0.8400E-14     0.8404E-14     0.8610E-14     0.9025E-14     0.9639E-14     0.1042E-13     0.1130E-13     0.1218E-13     0.1294E-13     0.1344E-13     0.1359E-13     0.1338E-13     0.1289E-13     0.1226E-13     0.1164E-13     0.1111E-13     0.1070E-13     0.1040E-13     0.1015E-13     0.9885E-14     0.9574E-14
     0.9660E-14     0.9292E-14     0.8911E-14     0.8593E-14     0.8411E-14     0.8418E-14     0.8647E-14     0.9106E-14     0.9782E-14     0.1064E-13     0.1161E-13     0.1259E-13     0.1343E-13     0.1397E-13     0.1411E-13     0.1382E-13     0.1322E-13     0.1247E-13     0.1174E-13     0.1115E-13     0.1073E-13     0.1044E-13     0.1021E-13     0.9968E-14     0.9660E-14
     0.9750E-14     0.9373E-14     0.8974E-14     0.8638E-14     0.8448E-14     0.8464E-14     0.8719E-14     0.9221E-14     0.9956E-14     0.1088E-13     0.1194E-13     0.1300E-13     0.1391E-13     0.1449E-13     0.1460E-13     0.1423E-13     0.1351E-13     0.1263E-13     0.1181E-13     0.1117E-13     0.1073E-13     0.1046E-13     0.1026E-13     0.1005E-13     0.9750E-14
     0.9836E-14     0.9460E-14     0.9049E-14     0.8702E-14     0.8511E-14     0.8540E-14     0.8823E-14     0.9368E-14     0.1016E-13     0.1115E-13     0.1227E-13     0.1340E-13     0.1437E-13     0.1497E-13     0.1506E-13     0.1461E-13     0.1376E-13     0.1276E-13     0.1185E-13     0.1116E-13     0.1071E-13     0.1046E-13     0.1030E-13     0.1011E-13     0.9836E-14
     0.9915E-14     0.9545E-14     0.9130E-14     0.8780E-14     0.8594E-14     0.8642E-14     0.8957E-14     0.9545E-14     0.1038E-13     0.1143E-13     0.1260E-13     0.1378E-13     0.1479E-13     0.1542E-13     0.1548E-13     0.1494E-13     0.1397E-13     0.1285E-13     0.1185E-13     0.1111E-13     0.1067E-13     0.1044E-13     0.1032E-13     0.1017E-13     0.9915E-14
     0.9982E-14     0.9624E-14     0.9214E-14     0.8868E-14     0.8695E-14     0.8767E-14     0.9117E-14     0.9748E-14     0.1063E-13     0.1171E-13     0.1292E-13     0.1413E-13     0.1517E-13     0.1581E-13     0.1584E-13     0.1522E-13     0.1414E-13     0.1291E-13     0.1182E-13     0.1104E-13     0.1059E-13     0.1040E-13     0.1031E-13     0.1021E-13     0.9982E-14
     0.1003E-13     0.9693E-14     0.9293E-14     0.8961E-14     0.8809E-14     0.8911E-14     0.9299E-14     0.9972E-14     0.1089E-13     0.1200E-13     0.1321E-13     0.1444E-13     0.1549E-13     0.1613E-13     0.1613E-13     0.1544E-13     0.1425E-13     0.1292E-13     0.1176E-13     0.1095E-13     0.1050E-13     0.1033E-13     0.1029E-13     0.1023E-13     0.1003E-13
     0.1006E-13     0.9746E-14     0.9365E-14     0.9054E-14     0.8931E-14     0.9069E-14     0.9498E-14     0.1021E-13     0.1116E-13     0.1228E-13     0.1349E-13     0.1469E-13     0.1574E-13     0.1637E-13     0.1634E-13     0.1559E-13     0.1431E-13     0.1289E-13     0.1167E-13     0.1083E-13     0.1039E-13     0.1024E-13     0.1024E-13     0.1022E-13     0.1006E-13
     0.1007E-13     0.9780E-14     0.9424E-14     0.9142E-14     0.9055E-14     0.9234E-14     0.9706E-14     0.1046E-13     0.1143E-13     0.1254E-13     0.1372E-13     0.1489E-13     0.1591E-13     0.1653E-13     0.1648E-13     0.1567E-13     0.1432E-13     0.1282E-13     0.1155E-13     0.1069E-13     0.1025E-13     0.1013E-13     0.1017E-13     0.1019E-13     0.1007E-13
     0.1005E-13     0.9791E-14     0.9466E-14     0.9220E-14     0.9176E-14     0.9400E-14     0.9918E-14     0.1070E-13     0.1169E-13     0.1278E-13     0.1391E-13     0.1503E-13     0.1601E-13     0.1660E-13     0.1653E-13     0.1568E-13     0.1427E-13     0.1272E-13     0.1141E-13     0.1053E-13     0.1010E-13     0.1001E-13     0.1008E-13     0.1014E-13     0.1005E-13
     0.1000E-13     0.9779E-14     0.9487E-14     0.9284E-14     0.9287E-14     0.9561E-14     0.1012E-13     0.1095E-13     0.1193E-13     0.1299E-13     0.1405E-13     0.1510E-13     0.1602E-13     0.1659E-13     0.1650E-13     0.1563E-13     0.1418E-13     0.1258E-13     0.1124E-13     0.1036E-13     0.9936E-14     0.9864E-14     0.9966E-14     0.1006E-13     0.1000E-13
     0.9936E-14     0.9741E-14     0.9487E-14     0.9328E-14     0.9384E-14     0.9711E-14     0.1032E-13     0.1117E-13     0.1216E-13     0.1316E-13     0.1414E-13     0.1510E-13     0.1596E-13     0.1650E-13     0.1641E-13     0.1552E-13     0.1404E-13     0.1242E-13     0.1105E-13     0.1017E-13     0.9757E-14     0.9706E-14     0.9836E-14     0.9960E-14     0.9936E-14
     0.9845E-14     0.9681E-14     0.9463E-14     0.9352E-14     0.9461E-14     0.9841E-14     0.1050E-13     0.1137E-13     0.1235E-13     0.1330E-13     0.1418E-13     0.1504E-13     0.1584E-13     0.1635E-13     0.1625E-13     0.1536E-13     0.1387E-13     0.1222E-13     0.1085E-13     0.9968E-14     0.9570E-14     0.9537E-14     0.9691E-14     0.9842E-14     0.9845E-14
     0.9735E-14     0.9598E-14     0.9416E-14     0.9352E-14     0.9515E-14     0.9948E-14     0.1065E-13     0.1155E-13     0.1251E-13     0.1339E-13     0.1417E-13     0.1494E-13     0.1566E-13     0.1614E-13     0.1603E-13     0.1515E-13     0.1366E-13     0.1201E-13     0.1064E-13     0.9761E-14     0.9375E-14     0.9359E-14     0.9534E-14     0.9707E-14     0.9735E-14
     0.9610E-14     0.9497E-14     0.9348E-14     0.9328E-14     0.9541E-14     0.1003E-13     0.1077E-13     0.1169E-13     0.1263E-13     0.1344E-13     0.1412E-13     0.1478E-13     0.1544E-13     0.1589E-13     0.1579E-13     0.1492E-13     0.1343E-13     0.1178E-13     0.1042E-13     0.9548E-14     0.9177E-14     0.9177E-14     0.9369E-14     0.9562E-14     0.9610E-14
     0.9474E-14     0.9382E-14     0.9262E-14     0.9280E-14     0.9540E-14     0.1007E-13     0.1085E-13     0.1179E-13     0.1270E-13     0.1344E-13     0.1403E-13     0.1460E-13     0.1519E-13     0.1561E-13     0.1551E-13     0.1466E-13     0.1318E-13     0.1155E-13     0.1019E-13     0.9334E-14     0.8977E-14     0.8993E-14     0.9201E-14     0.9409E-14     0.9474E-14
     0.9332E-14     0.9256E-14     0.9160E-14     0.9210E-14     0.9509E-14     0.1008E-13     0.1089E-13     0.1184E-13     0.1273E-13     0.1341E-13     0.1391E-13     0.1439E-13     0.1493E-13     0.1533E-13     0.1523E-13     0.1439E-13     0.1293E-13     0.1131E-13     0.9962E-14     0.9120E-14     0.8779E-14     0.8811E-14     0.9034E-14     0.9255E-14     0.9332E-14
     0.9189E-14     0.9125E-14     0.9045E-14     0.9120E-14     0.9449E-14     0.1005E-13     0.1089E-13     0.1186E-13     0.1272E-13     0.1333E-13     0.1376E-13     0.1418E-13     0.1467E-13     0.1504E-13     0.1495E-13     0.1412E-13     0.1267E-13     0.1106E-13     0.9736E-14     0.8910E-14     0.8586E-14     0.8634E-14     0.8870E-14     0.9102E-14     0.9189E-14
     0.9050E-14     0.8992E-14     0.8923E-14     0.9013E-14     0.9362E-14     0.9990E-14     0.1085E-13     0.1182E-13     0.1266E-13     0.1323E-13     0.1359E-13     0.1396E-13     0.1441E-13     0.1477E-13     0.1468E-13     0.1386E-13     0.1242E-13     0.1083E-13     0.9514E-14     0.8706E-14     0.8399E-14     0.8464E-14     0.8714E-14     0.8956E-14     0.9050E-14
     0.8917E-14     0.8862E-14     0.8796E-14     0.8891E-14     0.9250E-14     0.9891E-14     0.1077E-13     0.1174E-13     0.1256E-13     0.1309E-13     0.1342E-13     0.1375E-13     0.1418E-13     0.1453E-13     0.1443E-13     0.1361E-13     0.1218E-13     0.1060E-13     0.9301E-14     0.8511E-14     0.8222E-14     0.8304E-14     0.8569E-14     0.8819E-14     0.8917E-14
     0.8795E-14     0.8738E-14     0.8667E-14     0.8757E-14     0.9114E-14     0.9760E-14     0.1064E-13     0.1161E-13     0.1242E-13     0.1293E-13     0.1323E-13     0.1356E-13     0.1398E-13     0.1432E-13     0.1421E-13     0.1338E-13     0.1195E-13     0.1038E-13     0.9098E-14     0.8326E-14     0.8057E-14     0.8157E-14     0.8436E-14     0.8695E-14     0.8795E-14
     0.8685E-14     0.8621E-14     0.8539E-14     0.8615E-14     0.8960E-14     0.9598E-14     0.1048E-13     0.1144E-13     0.1224E-13     0.1274E-13     0.1305E-13     0.1338E-13     0.1380E-13     0.1414E-13     0.1402E-13     0.1318E-13     0.1175E-13     0.1018E-13     0.8909E-14     0.8155E-14     0.7904E-14     0.8022E-14     0.8317E-14     0.8584E-14     0.8685E-14
     0.8588E-14     0.8514E-14     0.8414E-14     0.8467E-14     0.8789E-14     0.9409E-14     0.1028E-13     0.1123E-13     0.1203E-13     0.1254E-13     0.1287E-13     0.1322E-13     0.1366E-13     0.1400E-13     0.1386E-13     0.1300E-13     0.1156E-13     0.9990E-14     0.8735E-14     0.7998E-14     0.7765E-14     0.7903E-14     0.8213E-14     0.8488E-14     0.8588E-14
     0.8504E-14     0.8417E-14     0.8293E-14     0.8315E-14     0.8604E-14     0.9196E-14     0.1004E-13     0.1098E-13     0.1178E-13     0.1231E-13     0.1269E-13     0.1308E-13     0.1355E-13     0.1389E-13     0.1374E-13     0.1285E-13     0.1139E-13     0.9822E-14     0.8578E-14     0.7856E-14     0.7642E-14     0.7798E-14     0.8124E-14     0.8408E-14     0.8504E-14
     0.8433E-14     0.8328E-14     0.8175E-14     0.8160E-14     0.8408E-14     0.8964E-14     0.9781E-14     0.1070E-13     0.1150E-13     0.1207E-13     0.1251E-13     0.1296E-13     0.1347E-13     0.1382E-13     0.1364E-13     0.1273E-13     0.1125E-13     0.9672E-14     0.8438E-14     0.7731E-14     0.7534E-14     0.7709E-14     0.8051E-14     0.8341E-14     0.8433E-14
     0.8373E-14     0.8248E-14     0.8062E-14     0.8003E-14     0.8205E-14     0.8715E-14     0.9494E-14     0.1039E-13     0.1120E-13     0.1182E-13     0.1232E-13     0.1285E-13     0.1341E-13     0.1377E-13     0.1357E-13     0.1262E-13     0.1112E-13     0.9541E-14     0.8315E-14     0.7623E-14     0.7442E-14     0.7634E-14     0.7990E-14     0.8287E-14     0.8373E-14
     0.8321E-14     0.8173E-14     0.7951E-14     0.7846E-14     0.7995E-14     0.8454E-14     0.9187E-14     0.1006E-13     0.1087E-13     0.1155E-13     0.1214E-13     0.1275E-13     0.1336E-13     0.1374E-13     0.1352E-13     0.1254E-13     0.1101E-13     0.9427E-14     0.8210E-14     0.7531E-14     0.7365E-14     0.7573E-14     0.7942E-14     0.8244E-14     0.8321E-14
     0.8274E-14     0.8102E-14     0.7842E-14     0.7688E-14     0.7782E-14     0.8185E-14     0.8866E-14     0.9702E-14     0.1053E-13     0.1126E-13     0.1194E-13     0.1265E-13     0.1332E-13     0.1371E-13     0.1348E-13     0.1246E-13     0.1091E-13     0.9329E-14     0.8122E-14     0.7456E-14     0.7303E-14     0.7523E-14     0.7903E-14     0.8207E-14     0.8274E-14
     0.8228E-14     0.8030E-14     0.7732E-14     0.7529E-14     0.7567E-14     0.7911E-14     0.8536E-14     0.9335E-14     0.1017E-13     0.1096E-13     0.1174E-13     0.1254E-13     0.1328E-13     0.1369E-13     0.1343E-13     0.1238E-13     0.1082E-13     0.9244E-14     0.8049E-14     0.7396E-14     0.7255E-14     0.7484E-14     0.7870E-14     0.8174E-14     0.8228E-14
     0.8180E-14     0.7956E-14     0.7620E-14     0.7369E-14     0.7352E-14     0.7634E-14     0.8201E-14     0.8961E-14     0.9798E-14     0.1065E-13     0.1152E-13     0.1241E-13     0.1321E-13     0.1364E-13     0.1337E-13     0.1231E-13     0.1074E-13     0.9171E-14     0.7991E-14     0.7351E-14     0.7218E-14     0.7453E-14     0.7841E-14     0.8140E-14     0.8180E-14
     0.8124E-14     0.7875E-14     0.7504E-14     0.7208E-14     0.7138E-14     0.7360E-14     0.7867E-14     0.8585E-14     0.9421E-14     0.1032E-13     0.1127E-13     0.1226E-13     0.1312E-13     0.1357E-13     0.1329E-13     0.1222E-13     0.1065E-13     0.9105E-14     0.7944E-14     0.7317E-14     0.7191E-14     0.7427E-14     0.7811E-14     0.8101E-14     0.8124E-14
     0.8058E-14     0.7786E-14     0.7383E-14     0.7047E-14     0.6926E-14     0.7091E-14     0.7538E-14     0.8213E-14     0.9042E-14     0.9980E-14     0.1101E-13     0.1207E-13     0.1299E-13     0.1346E-13     0.1318E-13     0.1211E-13     0.1056E-13     0.9043E-14     0.7907E-14     0.7294E-14     0.7172E-14     0.7403E-14     0.7778E-14     0.8054E-14     0.8058E-14
     0.7978E-14     0.7684E-14     0.7255E-14     0.6884E-14     0.6719E-14     0.6829E-14     0.7219E-14     0.7850E-14     0.8667E-14     0.9632E-14     0.1072E-13     0.1184E-13     0.1280E-13     0.1329E-13     0.1302E-13     0.1197E-13     0.1046E-13     0.8981E-14     0.7877E-14     0.7279E-14     0.7158E-14     0.7380E-14     0.7738E-14     0.7994E-14     0.7978E-14
     0.7881E-14     0.7568E-14     0.7119E-14     0.6721E-14     0.6517E-14     0.6578E-14     0.6915E-14     0.7500E-14     0.8298E-14     0.9278E-14     0.1040E-13     0.1157E-13     0.1257E-13     0.1307E-13     0.1281E-13     0.1179E-13     0.1034E-13     0.8915E-14     0.7849E-14     0.7269E-14     0.7146E-14     0.7353E-14     0.7687E-14     0.7918E-14     0.7881E-14
     0.7765E-14     0.7438E-14     0.6976E-14     0.6558E-14     0.6323E-14     0.6340E-14     0.6627E-14     0.7169E-14     0.7942E-14     0.8921E-14     0.1006E-13     0.1126E-13     0.1227E-13     0.1278E-13     0.1255E-13     0.1158E-13     0.1020E-13     0.8842E-14     0.7822E-14     0.7261E-14     0.7134E-14     0.7319E-14     0.7623E-14     0.7825E-14     0.7765E-14
     0.7630E-14     0.7293E-14     0.6826E-14     0.6396E-14     0.6137E-14     0.6118E-14     0.6361E-14     0.6859E-14     0.7601E-14     0.8566E-14     0.9706E-14     0.1090E-13     0.1191E-13     0.1243E-13     0.1223E-13     0.1133E-13     0.1004E-13     0.8758E-14     0.7790E-14     0.7251E-14     0.7118E-14     0.7277E-14     0.7545E-14     0.7712E-14     0.7630E-14
     0.7476E-14     0.7135E-14     0.6669E-14     0.6237E-14     0.5962E-14     0.5914E-14     0.6117E-14     0.6574E-14     0.7279E-14     0.8216E-14     0.9335E-14     0.1051E-13     0.1150E-13     0.1202E-13     0.1185E-13     0.1104E-13     0.9846E-14     0.8660E-14     0.7752E-14     0.7237E-14     0.7097E-14     0.7225E-14     0.7450E-14     0.7579E-14     0.7476E-14
     0.7305E-14     0.6964E-14     0.6508E-14     0.6081E-14     0.5799E-14     0.5729E-14     0.5898E-14     0.6315E-14     0.6980E-14     0.7877E-14     0.8955E-14     0.1009E-13     0.1104E-13     0.1155E-13     0.1143E-13     0.1070E-13     0.9627E-14     0.8544E-14     0.7704E-14     0.7215E-14     0.7066E-14     0.7160E-14     0.7340E-14     0.7429E-14     0.7305E-14
     0.7120E-14     0.6784E-14     0.6345E-14     0.5931E-14     0.5650E-14     0.5565E-14     0.5706E-14     0.6085E-14     0.6705E-14     0.7552E-14     0.8573E-14     0.9643E-14     0.1055E-13     0.1105E-13     0.1096E-13     0.1033E-13     0.9383E-14     0.8410E-14     0.7642E-14     0.7183E-14     0.7025E-14     0.7082E-14     0.7213E-14     0.7262E-14     0.7120E-14
     0.6926E-14     0.6599E-14     0.6183E-14     0.5790E-14     0.5517E-14     0.5423E-14     0.5541E-14     0.5884E-14     0.6457E-14     0.7245E-14     0.8196E-14     0.9190E-14     0.1003E-13     0.1051E-13     0.1046E-13     0.9935E-14     0.9113E-14     0.8256E-14     0.7565E-14     0.7137E-14     0.6971E-14     0.6992E-14     0.7074E-14     0.7083E-14     0.6926E-14
     0.6726E-14     0.6414E-14     0.6026E-14     0.5660E-14     0.5401E-14     0.5305E-14     0.5405E-14     0.5714E-14     0.6238E-14     0.6960E-14     0.7830E-14     0.8736E-14     0.9507E-14     0.9951E-14     0.9947E-14     0.9517E-14     0.8823E-14     0.8082E-14     0.7471E-14     0.7077E-14     0.6904E-14     0.6888E-14     0.6924E-14     0.6895E-14     0.6726E-14
     0.6527E-14     0.6233E-14     0.5878E-14     0.5543E-14     0.5304E-14     0.5212E-14     0.5297E-14     0.5574E-14     0.6047E-14     0.6700E-14     0.7482E-14     0.8293E-14     0.8983E-14     0.9393E-14     0.9421E-14     0.9085E-14     0.8515E-14     0.7890E-14     0.7359E-14     0.7001E-14     0.6823E-14     0.6774E-14     0.6766E-14     0.6704E-14     0.6527E-14
     0.6334E-14     0.6061E-14     0.5742E-14     0.5443E-14     0.5228E-14     0.5144E-14     0.5218E-14     0.5465E-14     0.5887E-14     0.6467E-14     0.7157E-14     0.7868E-14     0.8475E-14     0.8846E-14     0.8901E-14     0.8650E-14     0.8197E-14     0.7682E-14     0.7230E-14     0.6909E-14     0.6730E-14     0.6652E-14     0.6605E-14     0.6515E-14     0.6334E-14
     0.6153E-14     0.5905E-14     0.5623E-14     0.5362E-14     0.5175E-14     0.5101E-14     0.5167E-14     0.5386E-14     0.5757E-14     0.6262E-14     0.6859E-14     0.7470E-14     0.7992E-14     0.8322E-14     0.8396E-14     0.8220E-14     0.7872E-14     0.7461E-14     0.7085E-14     0.6802E-14     0.6624E-14     0.6523E-14     0.6445E-14     0.6334E-14     0.6153E-14
     0.5990E-14     0.5767E-14     0.5525E-14     0.5303E-14     0.5145E-14     0.5085E-14     0.5145E-14     0.5336E-14     0.5656E-14     0.6088E-14     0.6592E-14     0.7105E-14     0.7544E-14     0.7831E-14     0.7916E-14     0.7804E-14     0.7548E-14     0.7230E-14     0.6925E-14     0.6681E-14     0.6509E-14     0.6392E-14     0.6290E-14     0.6165E-14     0.5990E-14
     0.5849E-14     0.5655E-14     0.5451E-14     0.5269E-14     0.5141E-14     0.5096E-14     0.5151E-14     0.5315E-14     0.5585E-14     0.5944E-14     0.6358E-14     0.6777E-14     0.7137E-14     0.7380E-14     0.7470E-14     0.7408E-14     0.7230E-14     0.6994E-14     0.6754E-14     0.6548E-14     0.6387E-14     0.6261E-14     0.6146E-14     0.6014E-14     0.5849E-14
     0.5736E-14     0.5571E-14     0.5405E-14     0.5261E-14     0.5163E-14     0.5133E-14     0.5183E-14     0.5321E-14     0.5542E-14     0.5831E-14     0.6160E-14     0.6490E-14     0.6776E-14     0.6975E-14     0.7063E-14     0.7038E-14     0.6923E-14     0.6757E-14     0.6575E-14     0.6406E-14     0.6261E-14     0.6136E-14     0.6016E-14     0.5885E-14     0.5736E-14
     0.5654E-14     0.5519E-14     0.5390E-14     0.5283E-14     0.5213E-14     0.5196E-14     0.5242E-14     0.5353E-14     0.5526E-14     0.5748E-14     0.5998E-14     0.6246E-14     0.6463E-14     0.6620E-14     0.6699E-14     0.6699E-14     0.6633E-14     0.6523E-14     0.6392E-14     0.6260E-14     0.6136E-14     0.6019E-14     0.5904E-14     0.5783E-14     0.5654E-14
     0.5606E-14     0.5504E-14     0.5410E-14     0.5336E-14     0.5292E-14     0.5286E-14     0.5325E-14     0.5410E-14     0.5536E-14     0.5695E-14     0.5871E-14     0.6046E-14     0.6200E-14     0.6315E-14     0.6381E-14     0.6395E-14     0.6363E-14     0.6297E-14     0.6210E-14     0.6113E-14     0.6013E-14     0.5914E-14     0.5813E-14     0.5711E-14     0.5606E-14
     0.5597E-14     0.5527E-14     0.5468E-14     0.5423E-14     0.5400E-14     0.5401E-14     0.5431E-14     0.5488E-14     0.5571E-14     0.5671E-14     0.5781E-14     0.5889E-14     0.5986E-14     0.6061E-14     0.6109E-14     0.6127E-14     0.6116E-14     0.6083E-14     0.6031E-14     0.5968E-14     0.5898E-14     0.5824E-14     0.5748E-14     0.5672E-14     0.5597E-14
     0.5628E-14     0.5593E-14     0.5564E-14     0.5545E-14     0.5537E-14     0.5541E-14     0.5558E-14     0.5587E-14     0.5627E-14     0.5674E-14     0.5725E-14     0.5776E-14     0.5821E-14     0.5858E-14     0.5883E-14     0.5896E-14     0.5896E-14     0.5884E-14     0.5861E-14     0.5831E-14     0.5794E-14     0.5753E-14     0.5711E-14     0.5668E-14     0.5628E-14
